0 -0.000132519583921942   1.2138812128835e-05  3.60334979015527e-05 7.7312483758799e-05 0.000138840473492219 0.000266135202714786 0.999999951959077
0 0.000111122918387059   0.0556427580785977  0.00567377373257443 0.0560537272251045 -0.000478340759452424 -0.00103349413406489 0.998427104371755
0 0.00321794232740317  0.0868359986251183 0.00987041998395566 0.0832508523109823 -0.00233587050060095 -0.00175520793035341 0.996524339162682
0 0.00467289931172429   0.138805504448938  0.0309906019136954 0.127895098033676 -0.00369986205781779 -0.00361253584636138 0.991774220528275
0 0.00525495662134969   0.186966743730679   0.045894293225053 0.166144678812143 -0.00417659548603987 -0.00410891378027419 0.98608398150467
0 0.00794744700671188   0.210773086682918  0.0574782447664865 0.18501310336936 -0.00593880504403235 -0.00489030327122739 0.982705941322328
0 0.00840851181495098   0.225557561960794  0.0682289534385268 0.197136500888055 -0.00621093376765176 -0.00568526469072568 0.98033989110142
0 0.0100685389247475  0.223665151245198 0.0758351035683145 0.196392068401351 -0.00755199812175182 -0.00584338808902117 0.980478953169852
0 0.0115322598153725  0.268530940954343  0.104108434195942 0.234247906813636 -0.00850803219013334 -0.00749125101565255 0.972110802686557
0 0.0129889056153321   0.28710253821032  0.125116556114441 0.252261121672291 -0.00960647170065549 -0.00836230501988469 0.967575379000963
0 0.0118851254660918  0.297548481451154  0.145116916780258 0.265225872865087 -0.00908935017654204 -0.00889480636109904 0.964102433611761
0 0.0141604387831889  0.324045895065195  0.176631575311089 0.29319844151864 -0.0106855953524363 -0.0101781406562284 0.9559377058134
0 0.0150724722752068  0.336436051767407  0.198989427697274 0.309738558975419 -0.0114574133574241 -0.0110606309388925 0.950688390171155
0 0.015388943994886 0.352619294191348 0.223283728965013 0.330011268519445 -0.011955356800188 -0.0120706201562858 0.94382410025545
0 0.0144762191441937  0.365555262111381   0.25102312899053 0.350662934913426 -0.0111940243732949 -0.0127407735116576 0.93634815778457
0 0.0165398943964159  0.383646137818257   0.27156780962033 0.370952024320592 -0.0126784843201119 -0.0142022318609367 0.928456863994212
0 0.0169304065782607  0.404182825840794  0.297405490812118 0.395592710890481 -0.0131597634432444 -0.0155905716251422 0.918199412868925
0 0.0168102854736143  0.418928040728919  0.316225948066429 0.413071320271003 -0.0132677544422918 -0.0164366963057014 0.910453670472135
0 0.0164893932438173  0.434883699260932  0.333565835524075 0.430184179630381 -0.0130907303054754 -0.0173955448868726 0.902478586667791
0 0.0162737358143705  0.455515742317872  0.352240932147317 0.450036035350179 -0.0128116412107727 -0.0184620013583567 0.892727608647578
0 0.0174369360403215  0.473873752630127  0.364399715571855 0.464484933795926 -0.0144675835563313 -0.0197837926343921 0.885241795698573
0 0.0194159527465692  0.492714391344297  0.372831286931482 0.476478485619972 -0.016216916557381 -0.0212075073784932 0.878780692772355
0 0.0208452025954393  0.513321074045691  0.382047872997587 0.485339341960136 -0.0180134801890501 -0.0225894617093796 0.873848358639451
0 0.024036352563823 0.532020587879611  0.39121848418086 0.478696121696247 -0.0205706168327611 -0.0250854264106149 0.877381099738243
0 0.0293063774605961  0.534880523364506  0.394209697599048 0.475055483963414 0.0189323540828412 -0.00406579611276301 0.879742759235413
0 0.0321777185195022  0.534725151151979    0.3912594483578 0.472926342038397 0.0591467799525495 0.0176095801878248 0.878938129855017
0 0.0394805389172843  0.536011681970762  0.388900391553189 0.46904107332741 0.133653483645829 0.0575300770581864 0.871107058905439
0 0.0442037952942943  0.537800044250947  0.387358912583754 0.464374858691745 0.188818943105415 0.0875268150863394 0.86083822753199
0 0.0516080599673964  0.539884244187025  0.386682461609431 0.45617434394641 0.258293511564139 0.125432227614757 0.842292221313084
0 0.0554885686526616  0.542020682260931  0.384686185762159 0.449514328222686 0.297805402110793 0.147075331803698 0.82922714497957
0 0.0582022902184455  0.543597675091147  0.384058703366652 0.442928569401206 0.333749328171349 0.166488050778367 0.81529589555044
0 0.0589744295422056  0.544929073629193  0.383079759572043 0.434126265093245 0.373874325183342 0.188266262609158 0.797689281166589
0 0.061936174872459 0.548320248584171 0.380671338043671 0.418978610950429 0.431992704912084 0.219941844677198 0.76776611766135
0 0.0633472093670579  0.550816382744854  0.378877370530404 0.407823321073131 0.468751505876846 0.240088306503287 0.745861763068368
0 0.0745414001671492  0.546722127385759  0.378483859754841 0.41173643341147 0.489590655645963 0.243260248903232 0.729108051395193
0 0.0975608350754553   0.53675795686138  0.381705415069492 0.42019500038335 0.492466133643042 0.237451034665745 0.72424462373129
0 0.120723972721445 0.526788043856538 0.384937968127789 0.425938432656545 0.494264847469738 0.233550293049506 0.720925081238191
0 0.146375923211321  0.51562419539527 0.388433142456457 0.430945258602076 0.495846809771719 0.229998792901533 0.71799908119122
0 0.172248094989589 0.504173869249678 0.391619592180928 0.435279195184023 0.497198725374643 0.2270951761622 0.71536929671998
0 0.198883915308347 0.492206039948985 0.394845279535161 0.439154956225874 0.498451473597525 0.22435775522325 0.7129885346637
0 0.226477812164099 0.479605161411551 0.398004979532244 0.442884900038357 0.499538434181919 0.2217357998767 0.710737330626534
0 0.258173435307971 0.464976181427166 0.401294991240049 0.446541255670999 0.500813423328908 0.219196217887796 0.708335965528388
0 0.272248056251224 0.460295043658299 0.405164084888012 0.415451194054136 0.490712450537761 0.24066527135869 0.727105097910932
0 0.277336892593952 0.469142870472761 0.421987320247651 0.402035802997209 0.486146711075712 0.249613377282552 0.734657573499556
0 0.313499595793121  0.45950723644009 0.436179442652574 0.420807412768523 0.492239767176528 0.237192251237934 0.724127729700873
0  0.34243689789012 0.446981371133533 0.440170508206528 0.427669622447317 0.494609716804957 0.232309981812118 0.720063882185701
0 0.365903122252149 0.436585569803802 0.443342795030865 0.432061039296494 0.496021238276939 0.229263508324917 0.717442982578265
0 0.388703588779345 0.426378091852988 0.446321694081644 0.435741114925578 0.497151869841122 0.226680718654327 0.715252089033823
0 0.415906151562008 0.414026821623006 0.449869221387707 0.438767906584191 0.497847837585498 0.224744465910349 0.713526579607125
0 0.438309446586589 0.405486803724106 0.454364511705233 0.413463783580365 0.489850505337147 0.241924871180201 0.728399985442609
0 0.441082603839019  0.40135664934408 0.456554852390611 0.413317393492439 0.450990502547141 0.230320858501915 0.756788346228874
0 0.438932085666561 0.398261087897123 0.458582499785345 0.426617594318488 0.403942302768221 0.204653997828787 0.782907903539687
0 0.437175069201021 0.395851071408541 0.460047422856044 0.436487431215468 0.363293319948467 0.182459957923784 0.802623853262656
0  0.43432558155183 0.393206136555545 0.461876685524659 0.446942889614016 0.312988132819639 0.155081184000502 0.823547392993598
0 0.430778350053203 0.390894671925706  0.46345764572722 0.456520321161933 0.255834066288415 0.124087598159534 0.843054206368451
0 0.425538878794669 0.388629204921149 0.465159785452405 0.465046475039429 0.186618806251336 0.0864810065069277 0.861061108586538
0 0.423380613626558 0.387356841855174 0.466016181854606 0.469129871222016 0.139860262832584 0.0617005307068966 0.869798433729392
0 0.418141040952862 0.385456405071047 0.467503536897022 0.472935166151022 0.0549415217404818 0.015742502361737 0.879241679759289
0 0.413396162070362 0.385413213183834 0.467915587638499 0.473066563683204 0.00175900345599191 -0.0126781838158003 0.880933706862747
0 0.410088476018085 0.385214970363847 0.468444785658134 0.470759685541982 -0.0698188360901764 -0.0509831237849393 0.878015586242384
0 0.407676269571373 0.384918958772904 0.468648670649445 0.467390853643871 -0.117415535624383 -0.0763482655769404 0.872886203503919
0 0.391534240074753 0.384970224709001 0.465734368654101 0.457803553169829 -0.16908914900977 -0.117347090549318 0.86490139711521
0 0.391645055022955 0.385578142725048 0.465509292599076 0.449637217493134 -0.22464849023877 -0.145837961485799 0.852109568933561
0 0.390525665384064 0.387039848939377 0.463690125333335 0.439597486883115 -0.274981158441921 -0.172040988413973 0.837580629153715
0 0.386459240171402 0.389196254551965 0.461416492242432 0.430162125469125 -0.311844995760413 -0.191560296218065 0.825238085248081
0 0.386461080571217  0.39097925347909 0.459906135738395 0.416760232930571 -0.365926236768377 -0.219321029307902 0.802687475668776
0 0.382849732816547 0.393617095896582 0.457390552286278 0.402478066619105 -0.410551438184186 -0.242894628297285 0.781320114959143
0  0.38234556307994 0.397592145835927 0.454240237711063 0.375044311627509 -0.490070114829741 -0.28353701132884 0.734016219216797
0 0.380473901836465 0.401720472461704 0.450734287140294 0.354648389988211 -0.53836996349006 -0.308549338371107 0.699413760002785
0 0.380656785591165 0.406843724899395 0.446079055862073 0.322099189127195 -0.604377933915534 -0.342845028919261 0.642990444334086
0 0.382709159184686 0.414391420282624 0.439840431262494 0.267736556961069 -0.692873685892491 -0.3874046503275 0.546041050076835
0 0.385485112310956 0.416010748096819 0.437889376216088 0.25035023202492 -0.71560685178615 -0.399346632827495 0.515513202402351
0  0.38522630715331 0.419276952064402 0.435007913433002 0.233252243289506 -0.736511710528308 -0.409645028588051 0.485113225760929
0 0.388288128534788 0.423134186026616 0.431603974785838 0.201638142194742 -0.770692570146749 -0.426395084358911 0.428441657600436
0 0.390082246566579 0.424926964835169 0.430148467180398 0.176541197602513 -0.794457078893064 -0.437656428304123 0.382266930442392
0 0.392161930372674 0.426478584850804 0.428756946593337 0.154511741193618 -0.812521472879657 -0.446166441552958 0.341863253911209
0 0.394453956820895 0.428078124724462 0.427748517274993 0.131337054427788 -0.829127669712728 -0.453468632931862 0.299439617281819
0 0.392044984008012 0.427727832106475 0.427687101951291 0.156010042781484 -0.811573296876015 -0.444961579070899 0.344991077420632
0 0.388862438650232 0.424508771349564 0.430460931400151 0.183784081016123 -0.788396467369625 -0.434176099579179 0.39515254821191
0  0.38650726930499 0.421944762327463 0.432446838133115 0.209178388439638 -0.763921923649225 -0.422202069314675 0.440923019408456
0 0.385138060367538 0.419932802910726 0.434151003904074 0.227483608208972 -0.744012967076581 -0.412420173084908 0.473925641478432
0 0.383001880048422 0.416112919364549 0.437406904528513 0.255801933192345 -0.709308103916472 -0.395040579487124 0.524776452646225
0 0.380713144451794 0.411715235166349 0.440851787296619 0.290198310502207 -0.659385097821062 -0.370020413235673 0.586584288182078
0 0.380377022650442 0.408466378822452 0.443141077127014 0.310017418154574 -0.626478197994349 -0.35358250401237 0.621605727720449
0 0.380257446278979  0.40582212669668 0.445051021214803 0.326576861143227 -0.596147497808 -0.338252233104907 0.650800385235475
0 0.380530419908096 0.402499099483355 0.447466773067729 0.346334583049975 -0.555928089866138 -0.317762545273882 0.685582438735453
0 0.381420667414902 0.399185600259141 0.449659872978755 0.364677098023866 -0.514076283160331 -0.296465854097293 0.71752643618428
0 0.382699112797831 0.395936583674216 0.451806657110481 0.381837950938009 -0.470050257750455 -0.273974548181379 0.74712146359277
0 0.383937961458178   0.3929046842962 0.453931325517738 0.398547996312337 -0.42115196161943 -0.248825900068985 0.775806800250157
0 0.386456029133092 0.390190918242555 0.455532738876262 0.412296586365638 -0.375988770186691 -0.225557854466265 0.798603546106149
0 0.388458693957731 0.387975164294264 0.456904267300268 0.423133526245786 -0.335107313164143 -0.20438231635211 0.816632705929209
0 0.390131126198339 0.385889948677119 0.458449377874052 0.437875600176758 -0.269891282010827 -0.170525554695168 0.840443150879523
0 0.395036682127559 0.383273568440812 0.459910472608565 0.447061145146501 -0.221525201356902 -0.145153272778085 0.854396538538104
0 0.397461140346089 0.382230477484936 0.460426359243831 0.453121737081841 -0.18294952012789 -0.124825052569931 0.86349804326346
0 0.399785378493902 0.381025904354984 0.461143332229529 0.45791883541659 -0.146228503234623 -0.105541752274824 0.870510484451069
0 0.403499387886734 0.380025466066941 0.461593001243469 0.464565530932688 -0.0815475138217962 -0.0715537429780735 0.878867983444921
0 0.405340286274857 0.379966498946063 0.461744105480038 0.468166788957868 -0.0253096945035351 -0.0417891451534063 0.882288470075612
0  0.40897160264131 0.379812706675357 0.461503904890745 0.469637877379901 0.013704561685911 -0.0209560900431031 0.882503989457953
0 0.412147989122968  0.37931635314036 0.461659343223122 0.469947404444563 0.0728867567552679 0.0105186162810867 0.879617141975444
0 0.416818935153844 0.380807446813853 0.460253317789919 0.46646102990066 0.161248292917889 0.0579727191409263 0.867785837318453
0 0.419578973777806 0.382013192580423 0.459261753305821 0.462011751752477 0.214577219648627 0.0866790222022855 0.856147478627677
0  0.42242474968352 0.382680087109559 0.458676535234638 0.45731724308785 0.255875048794139 0.108912453958969 0.84470525981064
0 0.429923306306488 0.374163343250318 0.461314849098807 0.46679180322408 0.272959659874258 0.113471953294872 0.833500181367459
0 0.441174431884104 0.358191605009886 0.469400826299659 0.476081779977349 0.274928067275875 0.11088939308161 0.827927677457121
0 0.455097911720272 0.340280142860258 0.478095104708836 0.483048981488654 0.275206207086211 0.108223629642744 0.824143719900204
0 0.467627362516538 0.322191741277422 0.486707704877029 0.488866950185488 0.276954820844535 0.106895058400891 0.820291764384344
0 0.481819369805452 0.303237992702073  0.49572053870418 0.493753736948932 0.27691537916601 0.104959908767324 0.81762371393072
0 0.494345120965906  0.28529766242314 0.503725974168714 0.498052094949718 0.277976731886094 0.103737738666923 0.814807663698861
0 0.505351263910632 0.270927975229426 0.511498553198305 0.480873560465101 0.27572818499523 0.10951738933804 0.825070014166939
0 0.515772543057112 0.257204342912193 0.518749962086656 0.46688939658423 0.273808171537615 0.114154400896506 0.833073915875657
0 0.527271947020245 0.241880718091301 0.526418290596501 0.475604370666656 0.27518436952861 0.111604737286882 0.828020789585045
0 0.538232572740814  0.22754402782414 0.534502645510252 0.465352065538339 0.273935706364169 0.11496339175856 0.83378060809384
0 0.537945267383817  0.22373653410474 0.536388060327271 0.459821340911851 0.233737253643482 0.097592470749112 0.851120990432214
0 0.535321588346049  0.22237172936185  0.53731769246354 0.464880043369903 0.181966760129749 0.0696367010773756 0.863669713112218
0 0.533048752062806 0.221517322756538 0.537938272216135 0.467578002563057 0.14244005205622 0.0483133993433663 0.871061110676657
0   0.5298435204208 0.220670829550532 0.538626351876976 0.469650289143643 0.0891093469287811 0.0195749226349991 0.878125818206624
0 0.525985193644555  0.22024508874157 0.539042605864731 0.46981280324539 0.025077649642337 -0.0146636963335131 0.882287944723809
0 0.522474239483632 0.220268716273288 0.539184408629112 0.467941407951789 -0.0315179733697996 -0.0447561036720578 0.882062552919493
0 0.519701123553179  0.22046974757066 0.539214199392341 0.465001339393083 -0.0769934140795473 -0.0689163114160289 0.879258955354919
0  0.51675134663975 0.221124263366295 0.538900404201884 0.460544445984903 -0.124669891812744 -0.094149684092196 0.873780331853033
0 0.513563413986534  0.22193352767823 0.538557022413889 0.453804715205628 -0.179489827363004 -0.122849341470017 0.864148552987691
0 0.511031238154671 0.223441382974312 0.537546721168686 0.445939846045585 -0.228987366487445 -0.148814760142695 0.85238289920766
0 0.508248503121448 0.224828411983192 0.536767987905475 0.43668354419744 -0.27762666328077 -0.174228069146033 0.837780101210571
0 0.506794003998267 0.225751898614992 0.535452775210586 0.428526067879578 -0.314686207654433 -0.193492117596767 0.82455976150165
0 0.504226126281793 0.227529245340676 0.534360628324078 0.418492049585264 -0.355109691687353 -0.214497637343086 0.807930860208887
0 0.502295825933628 0.229071525119593 0.533460786281538 0.407912169472959 -0.39287401533653 -0.23396941356223 0.79026323689424
0  0.50095560160887 0.230577496729824  0.53245136928917 0.398293035601544 -0.423998435677343 -0.250055392267551 0.773989848210165
0 0.499670301450889 0.232577031334792 0.531142248815271 0.386099716912084 -0.45998122830132 -0.268582119165194 0.753132075718165
0 0.498598181401385 0.234308159582218 0.530016666232227 0.374860204251444 -0.490236667415906 -0.284064506162043 0.733795062349445
0 0.497355922434441 0.237186710556324 0.528076788152392 0.354685190489972 -0.538987529694157 -0.308953655625438 0.69874065085478
0 0.496680263808878  0.23927505678331 0.526707807777074 0.340598617567063 -0.569535574792056 -0.324351689045829 0.674105179160349
0 0.496283351098179 0.242711783973239 0.524347933368448 0.31526485131107 -0.618619125816497 -0.349082378136508 0.62933293571559
0 0.496350941602954 0.245205052734218 0.522569247512059 0.296686908596174 -0.650453826434719 -0.365088217258118 0.59631978967947
0 0.477946937515342 0.246199073868126 0.519762378813165 0.306068385803748 -0.660577495399126 -0.354076489513903 0.58701733820835
0 0.451458605272853 0.248519230780715  0.51712565275785 0.312738059731954 -0.664702529006094 -0.346548024719498 0.583326598477225
0 0.427392939050736 0.250340762575425  0.51461084229118 0.317198782895896 -0.667284379340797 -0.341513327066093 0.580934709458281
0 0.399519467837609 0.252108671553426 0.511650295265928 0.32146080737089 -0.669788898101297 -0.336519080864958 0.578619641490426
0 0.370428443662513 0.254065250037084 0.508152389255522 0.324975595843841 -0.67184404143111 -0.332475691375866 0.576607631534298
0  0.35629487919643 0.255825523288254 0.508631101960368 0.299964545588951 -0.657166253485659 -0.360896511421463 0.589836837365262
0 0.355253293746828 0.267387985657521 0.524253204972744 0.294707344993566 -0.653701464077047 -0.366667949397581 0.592770268784579
0 0.328723782531788 0.276621789481054 0.532317369870744 0.308487123607665 -0.662216420764911 -0.351125287896665 0.58567579669734
0 0.301047878328272 0.278716193823141 0.529585893541974 0.314534077200198 -0.665925217728676 -0.344244487981712 0.582329503946901
0 0.275831697690843 0.280409006521111 0.526959540236072 0.31872383395078 -0.668545005032077 -0.339447748671076 0.579860258890462
0 0.248359596181636 0.281937570400385  0.52404162050364 0.322573487818938 -0.670926051960475 -0.334983773702452 0.577572895064441
0 0.219822852330104 0.283746007631132 0.520524260360017 0.326040473351298 -0.673124154026699 -0.330886180465462 0.57542664048485
0 0.189966220052955 0.285381651111547 0.516700406877354 0.329325452956698 -0.675140680652043 -0.327018905894047 0.573400769576936
0 0.157280791553158 0.287330844632123 0.512154568600276 0.332657869477951 -0.677071920666111 -0.32282671889862 0.57157262503119
0 0.130399445153406 0.288154145114886 0.508542621156515 0.334686706488443 -0.678568546060886 -0.320430831784001 0.569959313318896
0 0.119647776870736 0.291570294406113 0.508113972432896 0.309161179532879 -0.663474710253227 -0.349669636356418 0.58476646563787
0 0.112262714199896 0.292540030541778 0.507463383449981 0.280164581861151 -0.676754475849777 -0.377705258564517 0.566436160692952
0 0.112940356391574 0.295011424625257 0.505591974409766 0.25896836363648 -0.706723316659301 -0.392646029899358 0.528494688270179
0 0.113797613221242 0.297109435762452 0.504028827526196 0.239368934705577 -0.731790326369267 -0.404916929364889 0.493181215826383
0 0.114893667798616 0.299098956003005 0.502512888914708 0.219356184710957 -0.754911253532827 -0.416159118305613 0.456950163332549
0 0.116897029689551 0.301827392129974 0.500433920259544 0.1898488945631 -0.784864841902887 -0.430475253526001 0.403281084703524
0 0.119334542799907 0.304217348623159 0.498546997337692 0.159690337330171 -0.810802127923725 -0.442627477924265 0.348108921609516
0 0.121276929843158 0.305767785475208 0.497356886979621 0.137658804509079 -0.827000542776937 -0.449854437379347 0.307816732745142
0 0.127205883269757 0.311689627967159 0.494438537814502 0.116414468219616 -0.84003963297571 -0.456403856851631 0.269214795414619
0 0.127858398432739 0.309250945463763 0.494855907940402 0.0962368892584587 -0.85151843633895 -0.460700993630413 0.231104755876366
0 0.132531735242653  0.31299658969878 0.493590240908799 0.0586333874492481 -0.86697621441442 -0.467623984028057 0.161994379771632
0 0.133950792754814 0.311646829898628 0.492861683603896 0.0370792359787568 -0.873973790787192 -0.469148309656471 0.121222138336087
0 0.137256753420309 0.315020136165203  0.49168474843943 0.0143976140922748 -0.878603648504836 -0.470688110178365 0.0793790934639606
0 0.115830232872988 0.324997445299379 0.449151356483961 -0.0573300836943459 -0.858236050738592 -0.509907276374772 -0.0117776150508583
0 0.115885912445659 0.322212778821787 0.451336515417435 -0.0838213637228984 -0.857970940257854 -0.503730973572374 -0.0558117453634584
0 0.115557769873907 0.323684634394289 0.450155715530214 -0.0576674643936593 -0.859539867493861 -0.507645839062698 -0.0127036145002461
0 0.115268030795869 0.324467948551958 0.449815496290106 -0.0268672240132203 -0.859239567316388 -0.509738289815296 0.0339469310534516
0 0.119313279466494 0.316090679105728 0.454869009615911 0.0605134413911781 -0.871367137090719 -0.48403844492307 0.052575846600668
0 0.119119814223381 0.316109748598194 0.454817928127587 0.100991596400415 -0.863385627862029 -0.477950678549972 0.126210553962051
0 0.119044687089948 0.316052813106889 0.454812359035026 0.142701213733263 -0.848425662532578 -0.46836231549502 0.201114395753642
0 0.118982659829725 0.316110009673268 0.454823654407933 0.16618123333015 -0.837860248154576 -0.459953369679136 0.24252195771111
0 0.11877438697255  0.3176070432849 0.45357359696773 0.18665793353333 -0.833324002153936 -0.442813943556677 0.273213716117984
0 0.116694336015879 0.319228883554399 0.453111501201579 0.19556681067688 -0.840400012423248 -0.424962436835714 0.27365739339424
0 0.114754399979476 0.322249851999651  0.45177713485792 0.205283656892524 -0.846775069904105 -0.40642217914609 0.275048383925219
0 0.113064664085182 0.324770581383247  0.45048802503433 0.212318325408524 -0.851221388578298 -0.391985976623538 0.276929721144276
0 0.111996526484918 0.326334387033553 0.449811390603548 0.205967490094367 -0.837643148416402 -0.417226260154414 0.286100675939161
0 0.112251226846254 0.326702376956479 0.449461953231591 0.181453457828714 -0.850171564165565 -0.431199582137607 0.241557186791519
0 0.112600409328548 0.326916908346817 0.449310343899548 0.160811044809286 -0.860384428989969 -0.439250319514794 0.202330420414483
0 0.112996431660827  0.32713004463588 0.449162303131731 0.136424694034552 -0.870033554300121 -0.447490075181649 0.155507394883326
0 0.113554005350343 0.327445904701338  0.44893222970669 0.108152921547926 -0.87784935560587 -0.455508689766176 0.100971718666706
0 0.114366560324937  0.32780572443765 0.448569484127429 0.0679642332167221 -0.882466878503751 -0.464692083972438 0.0263503024738076
0 0.115275760124163 0.328276750013551 0.447618975495407 0.0272648452850272 -0.88143060302615 -0.468716365534074 -0.0513973631723402
0 0.116063810664743 0.328265664880227 0.447749076094295 -0.0177232613324843 -0.87246297770393 -0.46969074898645 -0.133734209760554
0 0.116504838270826 0.328161096779221 0.447912859538616 -0.0463976117172899 -0.862678911410975 -0.467895340978094 -0.186296289079248
0 0.117014031644732    0.327609163734 0.447752776103034 -0.076615389256136 -0.848884634298431 -0.464294855732053 -0.240738959709271
0 0.117762177726857 0.327101324621512 0.448069840876421 -0.129562237741639 -0.815630838037845 -0.452462012449411 -0.336508677277854
0 0.118243802187689 0.326978835836003  0.44845104118273 -0.160489202983463 -0.790363664370769 -0.442502611485894 -0.392122343913615
0 0.118609613119121 0.326482161873076 0.448726291100594 -0.192627318894956 -0.759389630215012 -0.429543781660812 -0.449126090506638
0 0.119182413681842 0.325332042930396 0.449467645992559 -0.259831688623963 -0.676427821489016 -0.392600871828286 -0.566389840429817
0 0.119459060527439 0.324343843365245 0.450078597440474 -0.308396092167127 -0.597825151958186 -0.355807823470212 -0.648766314461229
